500
733 781 753
688 622 909
916 369 305
430 101 813
701 585 916
17 829 292
850 455 139
995 947 775
92 136 367
646 20 936
136 909 831
423 642 188
466 635 746
778 953 453
389 926 120
738 722 686
982 460 852
409 932 985
828 310 722
997 446 77
818 204 75
268 643 311
934 10 77
760 47 678
1 652 704
218 573 141
836 918 806
538 861 271
413 652 491
766 613 346
633 668 687
119 922 458
919 107 776
625 706 622
315 499 66
756 744 610
151 251 76
814 770 965
897 965 907
597 84 505
477 302 352
431 904 245
924 303 354
767 880 234
295 472 932
200 309 651
988 89 643
477 625 50
642 926 865
405 32 393
841 103 520
381 214 75
84 97 937
525 422 333
436 425 558
859 273 902
767 44 329
949 633 337
742 582 535
322 402 802
313 321 30
86 329 467
328 829 454
306 676 756
526 649 661
751 246 306
155 993 753
898 959 553
685 807 100
874 518 928
674 606 334
915 251 541
812 527 769
387 922 989
887 838 381
0 144 624
834 593 488
751 277 567
707 652 957
888 228 45
954 851 507
61 730 60
827 684 27
633 938 381
277 816 84
559 89 628
769 90 356
310 546 167
255 863 806
545 62 905
466 944 545
251 553 247
922 145 631
811 431 282
256 652 766
439 957 784
265 23 889
13 79 695
33 210 126
735 671 892
870 769 597
914 884 986
180 109 185
848 142 467
220 68 387
769 618 227
162 132 953
956 680 219
294 227 665
787 108 746
813 67 16
616 93 763
538 580 207
535 384 448
848 478 833
776 690 939
782 664 608
758 69 746
584 318 707
651 113 242
496 897 211
523 781 721
879 742 708
412 264 410
628 770 160
540 902 501
229 673 827
327 707 977
531 823 619
98 674 576
826 936 366
302 384 925
333 92 473
11 491 175
967 843 993
608 698 501
91 437 752
254 909 259
316 324 66
471 196 319
798 377 275
796 919 391
336 39 683
481 537 418
383 527 183
397 256 243
398 435 239
891 286 718
904 876 711
704 217 964
931 806 669
158 481 761
652 433 578
236 771 415
78 892 445
614 552 4
503 428 915
93 321 278
134 452 289
144 140 387
37 364 890
253 8 958
323 744 980
33 55 131
720 233 18
999 423 552
396 599 63
372 112 561
667 534 904
196 424 650
475 234 676
603 953 421
896 474 965
103 490 661
701 102 943
723 943 725
127 768 267
510 50 643
997 278 989
939 513 607
966 954 812
862 734 454
621 947 590
483 844 554
520 704 829
551 231 241
73 199 354
332 847 622
349 996 531
925 348 544
532 898 698
226 934 326
250 554 553
652 891 526
870 945 566
997 770 552
686 288 205
770 634 997
59 134 271
150 368 578
971 846 235
744 476 321
336 142 307
897 832 234
139 84 641
849 337 975
619 627 374
208 220 106
421 697 146
457 729 530
33 245 21
93 93 651
454 393 829
659 897 994
812 53 600
780 628 670
848 656 213
39 608 976
498 225 245
597 779 959
153 351 338
435 224 226
784 395 636
249 74 513
0 435 80
265 435 52
341 423 497
43 182 232
68 387 619
513 239 143
268 839 42
652 556 420
91 543 98
310 880 752
866 700 293
310 387 872
236 886 176
3 687 406
143 562 392
774 678 883
769 742 704
963 253 66
696 204 490
540 105 733
325 955 475
416 659 70
62 767 9
197 45 346
802 778 100
201 516 766
685 32 470
285 824 245
760 667 335
4 149 182
15 463 238
990 746 853
937 632 451
562 991 701
392 278 791
680 983 67
6 77 930
973 490 986
135 137 967
95 97 106
833 538 832
29 302 556
85 777 306
845 472 728
458 171 447
604 388 73
297 670 928
692 151 771
352 140 217
67 156 151
576 916 901
734 494 591
756 534 699
232 314 337
663 440 472
787 544 413
24 930 350
970 758 440
977 360 652
88 800 337
332 95 37
291 510 322
191 358 114
189 131 469
397 776 265
367 382 715
23 352 314
73 439 368
567 437 406
759 485 395
659 718 720
95 970 41
75 730 481
885 554 351
597 561 351
369 429 452
960 532 891
546 117 258
623 76 244
497 292 818
445 271 988
241 992 356
691 53 424
412 153 387
948 550 947
262 40 411
505 623 28
846 137 141
327 961 188
292 66 324
710 533 219
385 425 699
936 67 549
469 263 824
843 111 70
808 890 751
551 838 530
549 986 110
40 435 988
554 617 659
816 707 859
506 191 970
274 785 214
811 589 777
616 248 348
866 631 213
323 891 223
621 796 39
266 972 97
188 756 123
905 782 485
9 140 989
176 275 418
946 304 58
912 774 208
217 966 324
653 333 625
206 717 152
662 383 586
371 603 59
190 715 875
580 249 108
355 626 541
316 702 491
759 651 569
636 771 143
176 293 670
952 861 370
747 632 323
159 13 302
988 738 849
400 408 748
14 147 98
63 155 420
514 996 208
554 345 957
104 633 851
306 756 907
72 462 170
988 360 583
620 280 388
628 597 589
188 588 983
417 695 969
814 927 191
848 910 98
580 718 251
738 727 653
811 765 451
645 371 48
797 248 606
832 831 414
94 118 2
602 10 149
431 266 743
441 126 759
606 754 262
24 872 668
415 728 938
497 857 351
609 816 855
848 156 994
471 554 755
723 325 447
580 968 771
465 684 846
381 957 162
318 566 222
667 348 874
656 18 618
186 690 14
481 586 330
450 653 560
557 253 887
740 695 114
165 951 693
412 608 51
775 791 404
141 858 789
754 882 878
781 580 430
464 531 640
283 238 402
42 546 634
318 738 56
892 932 227
657 306 927
524 359 237
610 248 303
688 57 592
246 495 655
662 639 665
355 408 644
633 247 887
582 957 10
438 944 824
49 5 60
818 734 963
769 683 298
808 371 555
0 695 519
606 199 404
740 851 790
443 250 427
561 293 845
825 722 171
369 663 94
778 21 259
114 360 975
790 322 937
454 171 58
985 834 195
186 167 788
790 518 70
280 778 928
679 684 134
559 335 992
14 830 167
61 901 989
586 631 586
134 827 885
858 52 567
967 372 54
380 58 645
678 310 880
140 328 797
471 657 775
91 644 299
349 980 741
792 745 437
585 978 140
656 865 44
923 765 34
255 302 502
692 190 554
251 355 890
224 584 925
798 994 897
123 800 756
535 434 360
151 154 299
895 191 971
456 502 509
911 776 280
907 674 378
434 284 530
135 441 839
134 559 505
389 28 830
915 573 236
529 912 68
82 294 378
403 614 483
485 722 571
610 283 635
51 522 871
347 502 726
651 141 693
504 600 740
522 627 691
384 447 999
273 146 174
872 557 612
626 954 922
142 122 802
615 527 341
524 444 956
372 781 414
967 366 792
22 543 10
97 704 21
351 212 39
107 444 879
998 502 569
75 885 898
199 931 959